     1	[9837
     2	9837
     3	9837
     4	9837
     5	9837
     6	9837
     7	9837
     8	9837
     9	9837
    10	9837
    11	9837
    12	9837
    13	9837
    14	9837
    15	9837
    16	9837
    17	9837
    18	9837
    19	9837
    20	9837
    21	9837
    22	9797
    23	9797
    24	9797
    25	9797
    26	9797
    27	9797
    28	9797
    29	9797
    30	9550
    31	9550
    32	9550
    33	9593
    34	9593
    35	9593
    36	9593
    37	9593
    38	9593
    39	9593
    40	9593
    41	9593
    42	9593
    43	9593
    44	9593
    45	9593
    46	9593
    47	9593
    48	9593
    49	9593
    50	9593
    51	9593
    52	9593
    53	9593
    54	9593
    55	9593
    56	9593
    57	9593
    58	9593
    59	9593
    60	9593
    61	9593
    62	9593
    63	9593
    64	9593
    65	9593
    66	9593
    67	9593
    68	9593
    69	9593
    70	9593
    71	9593
    72	9593
    73	9593
    74	9593
    75	9593
    76	9593
    77	9593
    78	9462
    79	9462
    80	9462
    81	9462
    82	9462
    83	9462
    84	9462
    85	9462
    86	9462
    87	9462
    88	9462
    89	9462
    90	9462
    91	9462
    92	9938
    93	9938
    94	9938
    95	9938
    96	9938
    97	9938
    98	9938
    99	9938
   100	9938
   101	9938
   102	9938
   103	9938
   104	9938
   105	9938
   106	9938
   107	9938
   108	9938
   109	9938
   110	9938
   111	9938
   112	9938
   113	9938
   114	9938
   115	9938
   116	9938
   117	9938
   118	9938
   119	9938
   120	9938
   121	9938
   122	9938
   123	9938
   124	9938
   125	9938
   126	9938
   127	9938
   128	9938
   129	9938
   130	9938
   131	9938
   132	9938
   133	9938
   134	9938
   135	9938
   136	9938
   137	9884
   138	9884
   139	9884
   140	9884
   141	9884
   142	9884
   143	9884
   144	9884
   145	9884
   146	9884
   147	9884
   148	9884
   149	9884
   150	9884
   151	9884
   152	9884
   153	9884
   154	9884
   155	9884
   156	9884
   157	9884
   158	9884
   159	9884
   160	9884
   161	9884
   162	9884
   163	9884
   164	9884
   165	9884
   166	9884
   167	9884
   168	9884
   169	9884
   170	9884
   171	9884
   172	9884
   173	9884
   174	9884
   175	9884
   176	9884
   177	9884
   178	9884
   179	9884
   180	9884
   181	9884
   182	9855
   183	9855
   184	9855
   185	9855
   186	9855
   187	9855
   188	9855
   189	9855
   190	9855
   191	9855
   192	9855
   193	9855
   194	9855
   195	9855
   196	9855
   197	9855
   198	9855
   199	9855
   200	9855
   201	9855
   202	9855
   203	9855
   204	9855
   205	9855
   206	9855
   207	9855
   208	9855
   209	9855
   210	9855
   211	9855
   212	9855
   213	9855
   214	9855
   215	9855
   216	9855
   217	9855
   218	9855
   219	9855
   220	9855
   221	9855
   222	9062
   223	9062
   224	9062
   225	9062
   226	9062
   227	9062
   228	9062
   229	9062
   230	9062
   231	9062
   232	9062
   233	9062
   234	9062
   235	9062
   236	9062
   237	9062
   238	9062
   239	9062
   240	9062
   241	9062
   242	9062
   243	9062
   244	9062
   245	9062
   246	9062
   247	8739
   248	8739
   249	8739
   250	8739
   251	8739
   252	8739
   253	8739
   254	8739
   255	8739
   256	8739
   257	8739
   258	8739
   259	8739
   260	8739
   261	9075
   262	9075
   263	9075
   264	9075
   265	9075
   266	9075
   267	9075
   268	9075
   269	9075
   270	9075
   271	9075
   272	9075
   273	9075
   274	9075
   275	9075
   276	9075
   277	9075
   278	9075
   279	9075
   280	9075
   281	9075
   282	9075
   283	9075
   284	9075
   285	9075
   286	9075
   287	9075
   288	9075
   289	9075
   290	9218
   291	9218
   292	9218
   293	9218
   294	9218
   295	9218
   296	9218
   297	9218
   298	9218
   299	9218
   300	9218
   301	9574
   302	9574
   303	9574
   304	9574
   305	9574
   306	9574
   307	9574
   308	9574
   309	9574
   310	9574
   311	9574
   312	9574
   313	9574
   314	9574
   315	9574
   316	9574
   317	9574
   318	9574
   319	9574
   320	9574
   321	9574
   322	9574
   323	9574
   324	9574
   325	9574
   326	9574
   327	9574
   328	9574
   329	9574
   330	9574
   331	9574
   332	9574
   333	9574
   334	9574
   335	9574
   336	9574
   337	9574
   338	9574
   339	9574
   340	9574
   341	9574
   342	9574
   343	9574
   344	9574
   345	9574
   346	9427
   347	9427
   348	9427
   349	9427
   350	9427
   351	9427
   352	9427
   353	9427
   354	9427
   355	9427
   356	9427
   357	9427
   358	9427
   359	9649
   360	9649
   361	9649
   362	9649
   363	9649
   364	9649
   365	9649
   366	9649
   367	9649
   368	9649
   369	9649
   370	9649
   371	9649
   372	9649
   373	9649
   374	9649
   375	9649
   376	9649
   377	9649
   378	9857
   379	9857
   380	9857
   381	9857
   382	9857
   383	9857
   384	9857
   385	9857
   386	9857
   387	9857
   388	9857
   389	9857
   390	9857
   391	9857
   392	9857
   393	9857
   394	9857
   395	9857
   396	9857
   397	9857
   398	9857
   399	9857
   400	9857
   401	9857
   402	9857
   403	9857
   404	9857
   405	9857
   406	9857
   407	9857
   408	9857
   409	9857
   410	9857
   411	9857
   412	9857
   413	9857
   414	9857
   415	9857
   416	9857
   417	9857
   418	9857
   419	9857
   420	9857
   421	9857
   422	9857
   423	9505
   424	8976
   425	8976
   426	8976
   427	8976
   428	8976
   429	8976
   430	8976
   431	8976
   432	8976
   433	8976
   434	8976
   435	8976
   436	8976
   437	8976
   438	8976
   439	8976
   440	8976
   441	8976
   442	8976
   443	8976
   444	8976
   445	8976
   446	8190
   447	8190
   448	7775
   449	7775
   450	9179
   451	9179
   452	9179
   453	9179
   454	9179
   455	9179
   456	9179
   457	9179
   458	9179
   459	9179
   460	9179
   461	9179
   462	9179
   463	9179
   464	9179
   465	9179
   466	9179
   467	9179
   468	9179
   469	9179
   470	9179
   471	9179
   472	9179
   473	9179
   474	9179
   475	9179
   476	9179
   477	9179
   478	9179
   479	9179
   480	9179
   481	9179
   482	9179
   483	9179
   484	9179
   485	9179
   486	9179
   487	9179
   488	9179
   489	9179
   490	9179
   491	9179
   492	9179
   493	9179
   494	9179
   495	9158
   496	9158
   497	9158
   498	9158
   499	9158
   500	9799
   501	9799
   502	9799
   503	9799
   504	9799
   505	9799
   506	9799
   507	9799
   508	9799
   509	9799
   510	9799
   511	9799
   512	9799
   513	9799
   514	9799
   515	9799
   516	9799
   517	9799
   518	9799
   519	9799
   520	9799
   521	9799
   522	9799
   523	9799
   524	9799
   525	9799
   526	9799
   527	9799
   528	9799
   529	9845
   530	9845
   531	9845
   532	9845
   533	9845
   534	9845
   535	9845
   536	9845
   537	9845
   538	9845
   539	9845
   540	9845
   541	9845
   542	9845
   543	9845
   544	9845
   545	9845
   546	9845
   547	9845
   548	9845
   549	9845
   550	9845
   551	9845
   552	9845
   553	9845
   554	9845
   555	9845
   556	9845
   557	9845
   558	9845
   559	9845
   560	9845
   561	9845
   562	9845
   563	9845
   564	9845
   565	9845
   566	9845
   567	9845
   568	9845
   569	9845
   570	9845
   571	9845
   572	9845
   573	9845
   574	9096
   575	9096
   576	9069
   577	9069
   578	9069
   579	9069
   580	9069
   581	9069
   582	9069
   583	9069
   584	9069
   585	9069
   586	9069
   587	9069
   588	9069
   589	9069
   590	9069
   591	8767
   592	8767
   593	8767
   594	8767
   595	8767
   596	8767
   597	8767
   598	8767
   599	8767
   600	8767
   601	8767
   602	8767
   603	8767
   604	8767
   605	8767
   606	8767
   607	8767
   608	8767
   609	8767
   610	9744
   611	9744
   612	9744
   613	9744
   614	9744
   615	9744
   616	9744
   617	9744
   618	9744
   619	9744
   620	9744
   621	9744
   622	9744
   623	9744
   624	9744
   625	9744
   626	9744
   627	9744
   628	9744
   629	9744
   630	9744
   631	9744
   632	9744
   633	9744
   634	9744
   635	9744
   636	9744
   637	9744
   638	9744
   639	9744
   640	9744
   641	9744
   642	9744
   643	9744
   644	9744
   645	9744
   646	9744
   647	9744
   648	9744
   649	9744
   650	9744
   651	9744
   652	9744
   653	9744
   654	9744
   655	9726
   656	9726
   657	9726
   658	9726
   659	9726
   660	9726
   661	9726
   662	9726
   663	9726
   664	9726
   665	9726
   666	9726
   667	9726
   668	9726
   669	9726
   670	9726
   671	9726
   672	9726
   673	9726
   674	9726
   675	9726
   676	9726
   677	9726
   678	9726
   679	9726
   680	9726
   681	8414
   682	8414
   683	8405
   684	8405
   685	7742
   686	7742
   687	7742
   688	7742
   689	7742
   690	7742
   691	7742
   692	7742
   693	7742
   694	8418
   695	8418
   696	8418
   697	8418
   698	8418
   699	8418
   700	8418
   701	8418
   702	8418
   703	8418
   704	8418
   705	8418
   706	8418
   707	8418
   708	8418
   709	8418
   710	8418
   711	8418
   712	8418
   713	9721
   714	9721
   715	9721
   716	9721
   717	9721
   718	9721
   719	9721
   720	9721
   721	9721
   722	9721
   723	9721
   724	9721
   725	9721
   726	9721
   727	9721
   728	9721
   729	9721
   730	9721
   731	9793
   732	9793
   733	9793
   734	9793
   735	9793
   736	9793
   737	9793
   738	9793
   739	9793
   740	9793
   741	9793
   742	9793
   743	9793
   744	9830
   745	9830
   746	9830
   747	9830
   748	9830
   749	9830
   750	9830
   751	9830
   752	9830
   753	9830
   754	9830
   755	9830
   756	9830
   757	9830
   758	9830
   759	9830
   760	9830
   761	9830
   762	9830
   763	9830
   764	9830
   765	9830
   766	9830
   767	9830
   768	9830
   769	9830
   770	9830
   771	9830
   772	9830
   773	9830
   774	9830
   775	9830
   776	9830
   777	9830
   778	9830
   779	9830
   780	9830
   781	9830
   782	9830
   783	9830
   784	9830
   785	9830
   786	9830
   787	9830
   788	9830
   789	9740
   790	9740
   791	9740
   792	9740]
