50 42
40 11 19
13 16 57
36 48 73
15 16 59
33 30 9
28 2 57
48 30 73
36 26 26
6 28 10
35 49 28
46 41 39
17 3 4
24 38 53
47 4 20
9 38 49
4 27 64
33 50 1
9 27 8
38 39 42
37 18 38
27 9 4
31 15 28
20 18 24
33 11 39
2 30 94
28 45 26
30 48 86
6 7 24
44 49 62
13 37 90
23 44 20
39 22 89
8 48 14
48 31 27
37 34 6
31 14 2
9 43 0
48 50 58
22 45 6
34 10 45
26 32 88
46 21 59
37 30 6
39 31 62
25 37 44
38 40 5
32 42 52
31 50 23
27 6 8
36 3 83
18 41 30
40 2 18
19 11 21
46 1 51
10 27 40
7 16 79
12 47 22
14 29 71
39 6 78
47 41 31
32 10 23
14 1 27
32 22 89
6 17 41
7 28 18
47 34 83
28 47 30
50 10 10
23 48 15
2 46 58
35 29 17
10 44 68
37 26 39
28 33 57
20 39 36
23 21 66
19 3 18
29 14 40
28 29 41
26 39 77
4 7 37
48 27 75
25 18 3
7 25 72
47 13 11
34 35 33
3 6 86
21 34 1
11 13 31
5 38 20
27 21 90
3 47 14
20 2 22
46 26 68
8 37 4
45 20 6
50 8 26
35 9 38
43 37 10
27 28 36
47 20 40
45 36 61
46 8 8
21 28 65
9 34 11
31 42 60
38 18 46
47 9 45
37 1 31
49 27 60
30 27 19
15 40 15
24 48 37
3 15 98
37 27 78
28 39 15
48 36 63
6 31 49
8 14 49
37 24 85
12 3 61
33 19 50
50 44 47
38 46 14
36 32 40
14 12 30
31 11 15
45 16 97
46 25 10
46 13 35
31 26 87
45 9 7
47 8 50
45 47 48
30 1 98
43 31 79
3 49 75
20 48 20
45 11 15
7 46 48
35 36 42
39 50 45
44 45 31
25 47 30
18 30 9
22 28 36
42 27 56
38 37 24
46 35 24
30 20 66
24 14 56
26 11 43
24 4 39
5 31 38
37 50 17
48 21 44
34 14 20
41 3 9
17 49 93
41 30 12
9 4 77
17 29 88
10 2 43
2 8 23
40 45 22
7 42 93
3 28 58
12 34 33
26 41 40
34 44 18
50 22 6
12 25 49
13 35 25
4 29 47
10 22 92
14 49 51
13 22 2
24 50 77
14 41 60
10 11 12
24 8 19
38 42 44
41 22 44
2 43 36
17 44 87
4 11 51
27 14 26
27 43 90
19 6 1
31 18 83
49 43 92
34 15 21
7 9 22
50 45 38
45 35 43
21 20 14
49 15 56
19 20 57
49 37 40
47 31 33
16 10 18
30 31 75
40 5 76
35 45 20
21 40 76
8 12 48
22 12 12
28 30 81
20 28 27
50 13 93
9 33 74
41 8 16
47 36 50
43 6 72
30 46 32
45 33 38
28 20 67
47 49 47
48 13 40
8 45 66
50 3 82
48 40 84
40 46 56
25 32 38
20 14 43
29 10 75
19 39 96
38 35 94
35 34 58
27 41 3
46 40 7
30 37 46
15 28 93
23 2 24
13 24 39
6 4 98
34 22 38
30 11 74
27 48 7
35 24 97
38 21 36
47 1 74
44 17 1
37 41 55
14 4 78
3 11 81
4 44 54
42 24 16
17 50 63
24 34 39
10 12 19
10 37 12
28 40 51
19 45 14
22 25 68
34 8 21
28 12 13
1 31 31
2 44 4
37 35 27
10 45 39
32 6 77
44 34 16
12 13 26
10 46 54
37 7 67
49 42 84
6 29 18
35 40 62
26 21 20
3 17 53
20 13 6
33 28 32
20 9 43
15 13 80
24 33 20
12 33 62
41 15 24
32 29 49
3 19 53
12 8 59
46 27 69
40 44 34
20 17 18
42 30 52
4 28 42
46 42 66
28 22 67
32 21 19
50 26 94
34 38 51
46 33 30
17 22 23
1 43 39
21 35 70
24 40 97
16 38 90
34 17 12
1 48 34
23 49 9
17 32 96
21 29 79
1 46 52
48 15 18
32 35 93
23 33 58
10 23 93
28 35 43
25 19 65
25 29 34
5 37 57
5 32 10
28 32 7
42 50 40
26 45 14
10 5 26
33 48 3
19 41 80
38 9 54
18 43 12
46 47 99
4 1 32
16 30 13
25 21 64
17 48 60
31 8 14
43 49 12
47 16 6
10 14 2
11 17 54
45 34 83
11 10 5
27 26 54
38 6 63
2 15 54
16 27 14
22 19 62
26 46 93
38 14 99
35 47 82
47 6 39
44 12 37
8 16 53
30 28 53
50 43 38
17 25 29
44 20 74
32 33 73
18 31 55
14 38 94
38 20 39
50 9 96
17 13 60
49 44 37
32 40 9
6 19 2
27 45 35
11 18 2
43 23 67
30 19 55
1 8 6
10 7 72
22 17 22
15 6 73
10 38 14
21 45 84
29 11 33
46 14 78
20 33 7
40 38 8
49 46 17
5 18 40
23 42 6
29 17 66
37 12 66
12 35 46
44 38 98
15 20 57
4 10 65
25 27 83
16 34 11
35 2 28
42 34 51
29 30 75
49 26 64
49 40 85
6 44 94
2 10 9
28 37 92
23 34 43
12 26 28
15 4 59
35 6 51
25 42 6
20 38 31
42 28 15
28 21 60
41 21 9
36 34 34
40 24 89
43 10 95
37 2 4
25 15 24
3 32 1
25 44 1
2 35 23
11 20 56
7 38 8
47 30 17
44 23 53
30 25 57
5 8 82
19 34 36
1 35 12
14 28 10
19 25 32
26 13 40
22 42 9
13 46 90
23 50 99
5 21 32
43 21 18
5 16 5
20 46 67
46 45 85
23 27 60
35 19 33
50 46 42
47 38 14
21 13 90
41 17 7
46 36 2
15 34 96
23 13 91
48 17 62
29 45 42
13 11 6
16 17 15
18 6 39
30 49 31
40 18 23
43 46 19
37 44 83
2 6 89
7 34 54
9 50 22
26 50 87
43 8 26
25 8 9
14 31 67
31 6 12
29 27 98
24 12 49
30 3 57
13 8 16
14 30 41
14 17 84
23 45 10
30 5 63
2 4 91
43 4 91
44 33 94
2 47 3
18 11 82
11 26 1
45 48 97
7 29 51
21 39 22
17 21 24
6 2 3
9 46 99
43 42 0
42 45 69
2 27 79
5 47 53
23 17 29
45 30 34
44 43 84
38 34 36
29 28 5
32 7 36
10 36 62
37 15 97
2 41 50
25 9 79
19 38 65
16 25 60
45 29 21
2 11 79
39 20 66
3 9 81
29 2 94
3 12 45
27 38 64
24 16 37
25 28 16
15 48 82
20 8 63
19 12 93
22 6 73
49 10 36
44 1 13
7 19 2
27 46 91
43 19 58
30 45 86
46 10 35
31 29 92
46 49 3
40 21 8
15 19 19
2 13 69
49 36 11
42 4 69
6 21 58
43 1 88
35 46 87
40 35 57
50 2 75
19 5 39
10 31 92
9 16 3
2 21 24
24 20 32
44 31 74
44 19 61
42 6 50
28 15 0
29 43 68
33 34 58
5 44 90
49 4 57
2 7 27
26 30 36
21 50 97
1 40 71
1 20 65
21 5 99
32 9 94
22 10 99
30 13 5
9 41 86
8 3 13
39 42 34
46 48 90
37 21 90
7 37 63
11 38 94
21 32 15
47 43 37
6 35 23
31 24 95
45 14 57
16 3 68
13 50 72
31 32 4
42 32 61
18 49 50
7 4 32
45 19 58
26 14 94
7 5 27
39 38 31
16 13 25
47 26 42
47 27 0
50 11 81
50 16 82
44 7 11
19 22 57
24 28 13
33 16 67
8 10 64
16 45 42
18 12 24
18 21 10
18 14 69
33 43 75
37 13 65
6 45 32
24 2 41
3 5 83
45 22 44
20 35 43
39 7 5
27 49 24
42 20 57
36 47 45
4 42 46
29 44 40
43 22 13
10 9 29
4 49 35
11 28 35
36 19 56
43 5 5
20 43 45
39 8 37
21 3 61
34 42 56
43 2 37
29 13 43
48 19 87
4 26 28
7 47 71
2 17 93
37 22 61
47 2 25
42 49 46
31 4 71
19 33 61
9 13 89
3 10 7
5 49 29
42 35 52
6 34 3
31 25 4
8 1 14
20 21 96
24 35 67
33 49 56
35 8 16
40 8 45
33 45 49
40 28 52
9 1 8
17 1 74
38 23 70
19 29 46
29 6 4
13 15 20
4 23 17
37 17 66
28 44 71
50 47 79
1 6 47
1 30 35
26 3 55
11 2 76
18 9 40
32 31 96
6 49 82
22 15 59
17 38 11
16 18 61
21 17 13
4 22 95
32 39 55
25 22 36
35 5 50
1 16 67
41 27 84
8 38 6
26 4 7
30 42 63
39 36 18
10 34 2
48 41 26
19 27 46
1 49 15
40 37 16
19 31 31
9 18 2
18 3 4
31 38 69
29 35 34
31 35 49
48 2 54
42 5 68
28 14 9
29 46 63
37 14 17
12 31 83
14 33 65
12 37 19
5 41 39
32 5 0
48 37 28
20 26 23
41 50 31
47 12 13
30 12 77
45 7 79
14 13 72
5 45 76
6 42 12
16 5 93
35 30 16
50 24 44
14 5 55
43 50 0
33 3 68
5 10 14
38 47 39
4 24 70
5 22 60
5 23 49
12 5 52
32 11 11
28 5 86
29 50 97
39 37 93
19 49 47
19 16 65
24 37 25
28 43 66
24 19 69
29 5 49
39 18 99
19 10 68
17 7 88
14 21 99
43 33 26
38 50 57
14 26 99
37 47 20
15 1 21
46 7 11
14 7 29
49 32 64
32 3 80
25 39 81
12 38 38
40 12 60
12 28 63
36 24 71
47 39 27
3 18 51
34 39 44
11 14 77
24 25 5
37 10 30
21 38 88
15 30 24
19 47 75
46 4 8
36 50 80
46 30 83
20 37 21
32 17 30
42 39 19
15 50 96
21 48 27
47 45 32
33 37 32
43 32 61
28 4 47
16 31 79
4 3 60
25 17 59
23 47 89
46 44 16
42 40 49
34 37 53
26 20 14
5 25 14
5 11 29
35 42 33
39 2 9
5 13 81
2 3 26
47 21 19
20 7 54
6 12 31
36 2 40
40 14 21
5 15 8
16 22 21
48 23 75
26 19 45
46 5 69
15 14 23
22 27 55
48 5 92
1 47 34
32 41 49
3 40 21
30 15 40
26 12 96
45 28 11
20 1 38
43 20 0
40 6 66
10 18 87
34 46 21
24 13 18
4 30 10
31 41 59
23 46 20
13 23 20
22 47 50
38 8 67
28 41 14
49 17 11
24 31 82
43 11 2
4 37 72
27 33 44
16 46 51
39 44 1
28 1 20
5 42 34
49 31 89
2 25 21
8 28 54
42 22 92
50 39 38
3 27 81
4 5 84
28 11 17
37 11 97
17 31 81
45 41 8
33 44 33
17 42 3
1 17 63
39 30 39
31 40 17
48 22 99
42 12 59
42 36 28
13 19 15
7 15 37
13 29 94
27 35 88
24 7 87
48 12 64
39 49 44
11 16 54
19 32 91
44 14 6
19 8 21
4 46 45
15 31 32
23 26 39
27 40 65
40 48 14
17 34 9
37 43 31
42 38 28
3 23 94
34 5 69
7 40 19
1 37 41
7 18 24
22 34 9
33 21 51
16 14 39
2 19 8
20 4 32
11 33 9
20 50 86
43 36 95
25 6 47
41 19 38
36 37 1
26 38 69
20 22 35
41 28 19
32 23 60
18 15 95
15 41 0
22 2 20
10 4 95
48 25 30
18 44 22
39 17 10
30 44 29
33 5 62
11 47 12
14 10 97
18 46 18
15 45 92
45 15 87
20 3 54
30 32 49
5 24 23
22 5 45
34 3 10
47 15 59
35 28 76
31 48 92
27 42 38
8 46 35
37 29 84
41 23 19
16 48 31
28 46 97
37 31 76
15 11 73
7 39 14
45 32 43
40 1 7
24 43 87
21 26 14
3 46 50
17 8 23
38 19 29
34 23 55
14 16 9
31 5 12
33 14 14
22 36 39
14 40 98
16 6 7
50 35 60
4 9 93
16 1 13
50 14 27
21 1 18
8 4 83
5 27 55
49 3 44
2 14 38
19 14 3
30 2 46
45 40 35
48 3 24
27 17 72
27 22 16
48 11 14
48 35 19
47 37 43
30 9 83
14 25 86
43 9 45
41 9 7
1 13 96
42 31 63
28 50 9
14 45 91
24 30 37
8 27 55
46 22 15
43 12 75
50 20 64
50 32 60
49 48 53
31 30 21
15 21 54
2 33 36
42 9 81
10 1 44
14 50 92
17 30 4
29 47 83
43 18 89
14 20 66
46 31 19
20 6 17
21 2 80
21 46 49
1 11 32
47 46 26
14 34 32
30 16 20
21 33 41
27 50 62
30 33 34
27 32 35
31 34 97
13 32 95
1 2 29
3 33 44
25 4 78
29 31 10
11 15 88
44 2 69
45 25 58
29 24 90
38 1 7
18 13 69
34 1 64
35 20 92
34 4 2
13 6 69
41 29 12
6 14 66
8 22 35
8 6 41
50 41 96
4 21 23
17 28 45
8 31 91
16 19 25
39 14 82
12 50 1
13 20 62
36 35 18
24 18 5
1 18 83
14 2 46
1 39 78
36 9 96
27 23 75
25 7 74
22 7 64
24 45 94
38 12 90
49 14 77
45 44 26
21 16 1
37 9 60
29 18 33
36 33 57
42 18 26
20 47 33
37 48 73
48 47 35
50 33 73
3 26 78
38 10 87
19 36 83
23 25 22
36 46 68
20 32 67
31 46 2
41 43 4
16 23 93
27 10 64
12 45 75
19 43 29
2 28 63
3 20 10
50 23 50
42 29 17
21 14 76
26 9 56
34 2 41
22 11 62
37 39 28
8 11 45
2 20 18
20 41 15
35 26 19
29 49 81
36 45 92
42 3 44
7 35 6
16 44 58
33 31 86
1 24 54
35 7 39
32 14 6
34 50 57
4 12 0
35 41 45
8 47 69
37 49 62
49 47 62
27 44 97
24 3 43
1 12 95
39 13 10
8 50 39
48 20 31
20 30 46
15 33 23
3 38 36
37 28 44
25 50 93
44 32 47
1 14 37
50 28 70
23 15 95
27 2 83
35 37 22
33 7 67
5 34 24
12 7 76
34 31 40
31 7 92
22 46 82
28 13 53
14 27 99
49 34 91
49 24 53
7 50 37
29 7 85
19 30 16
45 23 42
9 21 41
49 20 64
2 26 64
7 11 9
34 41 54
4 20 70
17 16 65
37 23 67
15 39 59
31 47 19
40 41 17
1 21 46
4 41 68
35 32 15
8 49 35
32 16 99
49 21 9
22 49 22
14 18 5
21 4 36
39 19 32
47 17 67
30 34 19
33 27 23
35 44 44
35 18 59
33 8 11
50 38 24
48 6 43
13 31 0
35 39 59
7 8 51
20 12 36
34 13 54
48 43 6
19 1 79
7 13 50
40 19 59
41 38 19
9 3 88
17 43 74
31 28 86
36 25 29
25 12 39
6 18 1
39 16 48
26 33 55
43 30 48
8 32 16
10 40 75
26 40 45
46 11 67
21 36 99
20 19 56
38 45 5
18 50 38
27 25 27
23 18 17
15 9 44
45 12 88
45 8 74
25 41 53
26 18 38
2 23 0
36 27 31
26 25 1
42 33 99
21 31 23
26 7 87
13 36 70
18 28 57
48 49 65
48 29 69
8 26 1
24 36 86
47 40 62
25 43 98
47 11 23
23 24 85
33 29 34
41 4 87
46 17 61
17 15 3
42 7 1
39 27 31
11 3 16
13 18 0
43 48 40
44 37 27
47 28 36
1 26 0
2 37 40
4 33 83
16 50 36
10 3 28
7 43 18
12 36 28
39 34 57
27 34 83
28 38 19
38 49 58
47 3 39
3 45 57
26 43 47
19 4 82
18 7 20
2 40 97
41 11 67
10 50 89
9 25 27
9 35 23
11 24 78
7 32 55
50 31 25
34 26 45
30 18 67
8 25 50
16 26 32
27 30 44
2 31 84
29 26 43
33 32 36
12 49 55
6 37 49
40 29 79
38 44 57
6 20 29
12 39 2
35 21 69
26 22 47
33 10 96
25 38 27
21 41 69
35 13 21
22 24 23
36 4 87
23 9 73
4 43 86
38 31 57
9 28 94
26 1 75
2 5 80
9 31 76
6 36 93
14 6 9
10 21 13
13 7 69
49 50 35
42 25 57
44 30 72
42 17 73
44 29 23
21 43 80
39 47 39
6 43 48
26 6 13
32 27 13
33 13 4
1 41 45
9 29 74
15 36 75
21 30 24
40 30 61
3 14 25
49 11 64
45 4 20
16 40 7
10 48 85
36 39 22
6 24 71
43 13 50
7 17 66
34 28 90
33 38 55
29 42 27
31 23 91
44 47 43
18 40 44
3 1 57
49 8 34
42 41 21
44 39 40
40 33 37
35 50 91
38 36 82
41 36 39
29 15 91
40 31 6
37 3 51
34 27 10
25 31 52
18 33 50
20 23 59
47 5 32
9 32 12
11 46 79
46 2 33
20 5 58
12 21 67
23 30 43
35 15 66
38 32 1
20 27 2
3 50 39
9 11 98
12 30 75
35 11 19
21 25 37
11 37 7
15 26 88
17 20 99
6 8 18
18 8 29
3 21 70
24 46 7
44 35 99
35 3 44
35 1 77
10 16 65
45 42 29
44 26 33
8 35 46
26 48 53
49 16 80
9 10 32
28 25 98
1 45 32
26 44 86
39 28 84
43 14 68
24 21 47
50 19 8
22 43 2
34 47 53
32 47 47
14 24 92
20 29 15
8 30 33
19 48 12
38 29 27
29 39 12
1 9 83
23 29 73
21 6 81
26 34 55
45 31 19
34 11 46
26 15 39
9 39 29
13 21 45
46 29 91
29 48 76
41 47 52
18 22 68
7 1 95
1 32 5
44 9 88
13 49 47
25 34 94
29 1 67
18 45 42
20 45 23
27 24 64
30 14 89
18 47 98
43 25 29
24 23 5
7 23 94
27 4 95
34 43 9
41 2 28
4 36 8
21 23 26
28 10 27
34 32 80
11 5 9
11 40 85
41 33 93
46 18 1
9 40 40
36 49 67
1 33 38
10 49 90
4 8 51
43 24 10
26 47 74
34 36 14
21 37 33
9 45 74
50 49 82
3 37 2
31 20 17
1 25 44
30 35 66
50 21 99
44 41 85
18 1 31
45 50 81
27 5 68
31 2 32
13 14 43
38 17 49
11 12 42
31 13 25
10 29 97
24 42 40
39 32 80
27 19 75
39 26 12
8 43 35
5 4 19
10 30 27
29 20 27
49 45 60
29 33 87
4 48 74
39 35 50
26 36 54
5 43 75
8 18 2
4 15 73
2 45 80
9 12 82
43 17 23
29 21 43
22 23 65
32 28 81
11 8 51
41 16 14
34 48 37
39 10 24
49 39 81
27 20 37
36 30 44
40 22 62
6 48 71
39 46 9
45 38 19
22 48 51
26 8 91
50 1 5
35 17 47
5 35 26
41 37 22
17 10 45
22 37 76
1 10 15
2 1 1
6 1 77
45 18 4
7 14 39
42 47 96
8 36 83
13 17 34
42 2 29
50 17 20
34 30 33
16 12 57
24 5 72
39 33 72
12 19 1
45 43 69
10 8 36
1 36 92
16 47 58
16 42 5
28 18 92
32 12 86
47 10 90
32 4 13
1 38 58
42 43 64
18 23 83
12 4 96
48 8 19
16 4 86
50 7 51
19 15 28
11 49 19
48 42 71
16 32 65
33 4 48
39 11 33
1 3 14
13 10 34
18 42 18
2 42 20
31 9 12
3 30 48
25 46 42
13 26 23
13 9 0
23 4 60
18 48 53
28 49 31
39 21 77
42 14 75
32 43 40
9 19 4
17 19 88
32 15 87
4 18 0
24 17 53
42 23 29
48 24 8
23 40 18
9 5 0
11 48 74
6 26 87
6 33 0
15 43 47
40 42 51
11 36 37
25 26 96
39 25 81
29 25 62
46 20 89
35 43 23
23 38 98
38 5 37
13 4 52
37 19 21
36 23 84
37 40 79
38 4 24
41 45 83
15 7 37
8 41 31
32 25 17
15 10 86
32 2 16
36 6 27
11 4 56
2 36 37
11 34 81
10 6 8
49 19 83
12 10 92
11 21 96
34 9 0
36 20 80
17 11 98
40 4 81
41 24 16
2 34 61
10 33 76
10 13 0
31 36 67
37 8 35
41 18 78
12 23 83
15 32 16
8 19 54
17 33 7
10 26 4
12 24 31
10 15 62
30 7 45
12 15 2
48 32 64
26 27 33
22 26 73
21 24 28
38 28 85
2 12 87
6 50 33
21 9 11
22 14 31
12 9 14
41 48 88
49 38 17
36 1 17
37 25 90
47 32 67
31 37 72
48 9 5
19 26 2
12 41 77
32 8 18
43 15 70
3 13 2
11 22 98
22 1 34
26 42 70
11 31 32
37 5 47
31 12 91
17 27 91
37 20 79
33 35 45
8 33 22
16 15 30
26 23 28
15 42 59
47 29 4
47 23 32
30 6 64
22 44 15
10 39 80
14 42 53
49 25 13
24 47 41
38 41 1
41 40 61
48 4 72
37 6 87
48 34 78
19 18 71
38 25 59
44 13 72
20 16 78
43 38 32
23 11 42
21 12 40
44 4 61
39 45 37
48 38 37
44 8 0
36 7 56
35 48 67
8 42 77
23 28 29
47 44 99
9 36 23
22 41 78
29 12 65
9 8 30
8 23 35
38 15 63
30 29 70
30 40 42
23 31 82
31 43 28
34 6 44
30 43 60
43 26 77
6 38 56
16 11 13
4 34 77
13 44 32
49 6 48
19 23 9
46 15 16
17 46 47
5 6 62
27 1 31
46 16 90
38 30 38
5 26 26
42 46 34
23 8 36
16 33 96
46 37 74
44 36 86
13 2 28
3 31 57
49 1 24
43 40 27
50 30 69
28 31 92
13 28 15
12 48 36
34 18 38
8 13 78
48 7 80
46 24 98
18 2 0
36 17 21
12 42 53
23 32 97
22 9 20
15 8 22
23 35 74
19 13 5
16 39 40
12 17 59
34 20 24
46 12 12
38 33 5
25 49 17
25 10 28
25 5 4
5 1 2
47 48 91
44 18 93
5 30 3
37 32 24
44 24 47
14 44 90
24 22 41
41 42 7
3 8 5
3 2 42
13 40 40
3 39 1
29 40 38
29 34 19
6 40 1
8 39 44
13 5 63
30 17 35
8 44 83
5 50 78
23 43 90
37 16 8
40 43 66
19 2 89
15 49 69
39 43 59
32 34 8
17 9 91
6 25 51
39 48 36
12 40 53
12 16 42
6 32 13
9 24 77
7 45 65
49 33 61
16 43 4
23 19 55
41 32 3
21 18 46
50 48 85
46 50 33
41 25 72
8 21 65
32 44 24
47 42 39
33 18 92
17 24 16
36 5 16
44 27 34
47 50 46
22 16 30
40 15 78
14 8 87
23 10 47
22 3 61
39 12 41
29 36 70
40 26 81
33 15 44
40 3 88
30 50 26
7 12 57
26 31 16
15 27 57
15 35 20
11 6 82
40 25 72
22 30 97
33 23 2
12 20 0
11 23 96
38 48 68
19 7 50
27 12 74
26 28 70
15 25 52
3 44 9
40 23 70
29 4 56
21 10 45
21 47 87
17 23 21
27 16 5
41 46 33
3 34 72
42 19 36
9 6 19
32 37 1
44 48 85
18 36 36
14 39 91
24 49 41
1 4 63
7 22 41
46 3 35
11 29 84
13 33 86
50 37 89
7 10 31
19 9 18
14 19 74
13 1 68
28 16 34
30 39 25
48 46 69
45 46 0
49 23 5
27 37 3
22 33 3
36 14 95
12 43 53
9 2 94
48 18 12
16 20 96
3 35 91
17 12 22
25 13 16
42 11 44
27 11 65
29 9 10
2 24 97
18 35 88
38 11 51
3 43 98
9 26 93
40 36 44
11 44 73
32 50 95
34 49 78
4 13 39
30 4 2
48 10 84
36 18 85
41 35 83
35 22 15
21 8 50
30 41 50
24 9 97
45 1 38
16 7 34
1 5 48
16 8 36
27 18 61
35 16 44
15 46 80
31 10 52
25 35 25
49 30 98
7 3 71
34 45 33
2 29 99
12 44 29
38 22 77
20 40 47
5 20 27
46 34 13
34 19 35
45 13 64
28 42 85
22 4 44
17 39 9
27 47 26
44 40 32
12 1 76
7 49 0
32 38 77
34 29 90
35 33 83
33 41 14
42 8 46
22 29 26
10 25 41
24 11 46
31 33 24
42 21 41
20 42 13
50 18 1
3 29 78
39 24 9
30 36 12
25 1 87
24 27 46
43 16 20
4 16 75
28 17 70
25 24 16
21 7 20
20 44 25
4 47 6
47 33 57
46 39 10
17 6 18
50 34 16
33 20 15
42 48 94
26 35 74
33 9 14
1 42 33
48 14 97
39 1 75
13 39 42
2 18 55
33 36 34
28 9 57
10 17 61
35 23 6
44 15 55
18 34 75
36 13 19
8 40 27
35 27 4
40 39 5
1 44 77
5 17 14
23 20 32
35 38 35
43 47 80
11 27 62
10 32 0
47 19 30
25 48 48
13 27 68
2 38 56
16 24 78
9 37 38
40 34 51
23 5 3
32 20 66
4 50 15
28 36 17
16 36 39
48 44 59
23 22 19
5 19 25
48 33 23
13 3 54
16 21 24
20 11 65
32 48 62
14 48 30
17 5 38
15 3 36
38 26 56
50 29 89
27 15 67
22 21 84
18 5 74
8 17 35
49 5 9
3 22 7
8 24 18
2 9 59
41 6 71
46 6 15
2 22 53
47 22 40
31 19 85
24 44 10
30 26 85
13 47 86
22 39 31
30 24 98
18 17 24
13 34 86
6 41 2
4 14 56
35 31 19
36 42 83
43 29 83
24 26 50
30 22 27
41 12 85
14 11 43
9 47 66
28 48 77
10 20 7
39 40 23
30 23 36
40 20 2
43 35 74
13 25 72
34 33 12
23 6 66
40 13 71
9 17 70
8 9 54
25 40 30
2 48 93
23 36 78
4 32 14
21 44 86
50 4 77
24 15 67
42 13 21
46 38 42
32 19 94
10 47 50
43 7 63
31 1 61
44 5 46
5 12 20
18 26 22
18 37 91
27 31 97
35 14 79
36 40 30
45 2 84
49 29 55
6 30 30
38 43 63
44 46 50
40 27 42
46 28 33
3 42 0
11 9 36
38 16 33
16 49 83
3 4 0
49 9 35
10 19 41
18 27 27
4 19 14
37 38 39
22 31 53
6 11 42
19 28 3
13 48 0
17 18 50
4 45 51
15 22 25
42 10 81
5 9 32
38 7 56
8 20 15
8 15 75
23 7 26
41 13 64
1 28 44
28 23 71
33 42 17
36 10 80
36 28 48
20 31 26
4 31 5
24 10 44
49 35 75
42 15 70
39 15 75
17 35 61
5 3 4
34 24 51
8 5 34
11 45 51
11 41 51
8 2 40
5 46 68
31 49 76
26 5 22
16 29 37
28 6 53
41 44 12
9 22 1
32 24 7
32 46 30
14 22 41
41 49 19
39 9 83
40 50 66
31 44 66
47 14 84
6 27 73
38 3 2
21 11 96
19 44 31
31 27 97
26 29 28
26 24 47
45 10 6
3 24 53
18 24 30
23 41 74
23 3 92
12 46 79
9 15 19
16 2 15
27 13 79
7 41 73
36 29 5
22 20 78
31 17 44
26 37 11
33 26 62
36 16 46
5 7 58
11 30 27
20 49 99
19 17 3
16 28 82
45 49 14
30 47 54
35 4 19
48 26 85
23 14 97
30 8 79
28 8 70
40 49 9
15 2 4
25 23 25
43 41 93
16 41 82
11 50 68
34 21 50
10 43 27
19 42 49
9 49 94
15 29 45
20 24 25
46 9 20
33 17 27
2 16 74
17 4 30
50 25 93
27 36 46
29 38 61
17 36 74
2 32 62
6 22 70
44 11 14
33 39 38
47 7 2
5 33 84
41 1 18
45 5 57
44 21 68
4 39 29
32 49 47
43 45 20
24 39 76
15 47 93
3 48 41
11 39 58
17 37 55
17 40 89
22 40 48
36 11 56
14 43 72
18 25 68
7 24 12
22 18 15
34 40 64
44 42 20
26 10 28
27 7 97
5 2 29
43 44 58
50 5 55
1 29 59
40 10 23
31 3 15
42 1 25
12 6 28
45 39 84
20 36 44
1 7 16
2 49 21
31 22 53
14 47 35
23 37 66
27 3 56
14 9 34
23 16 35
18 16 43
11 25 73
7 26 89
12 32 79
40 7 20
19 50 14
1 22 39
28 7 62
5 14 15
17 26 88
44 22 42
49 13 11
11 35 79
22 13 21
47 24 89
17 2 2
13 30 20
3 41 7
29 37 9
10 42 49
21 27 73
5 28 71
50 12 18
22 50 73
32 18 19
7 33 12
23 1 51
24 1 23
37 33 93
14 36 27
19 24 81
40 9 85
17 41 89
38 2 66
13 43 49
38 24 15
46 32 29
49 7 4
15 18 93
43 28 76
48 28 47
22 8 32
12 11 83
20 34 87
27 29 88
6 5 7
47 25 82
6 9 79
39 4 17
18 4 34
36 38 62
25 45 4
33 12 30
25 11 18
9 7 47
35 12 83
43 34 39
13 41 27
22 35 36
33 22 87
37 42 92
7 20 25
21 22 48
44 50 56
10 28 72
41 5 48
6 23 59
32 45 37
45 6 89
7 30 1
25 3 74
37 46 12
1 15 74
6 47 64
18 10 19
35 25 33
49 12 29
8 34 74
41 34 87
12 22 96
1 19 14
38 27 84
34 25 30
15 23 39
15 37 15
25 16 51
11 7 87
22 32 49
2 50 44
48 16 50
42 26 88
48 45 79
11 32 43
7 21 54
14 15 21
3 25 80
36 22 27
29 22 77
29 16 93
7 6 44
27 39 3
13 42 98
20 15 36
17 14 83
32 1 71
9 30 66
6 15 37
9 23 67
33 24 38
9 14 5
32 26 65
33 47 32
44 16 10
21 42 75
31 39 44
34 7 31
12 14 92
1 23 41
27 8 61
32 30 44
50 27 8
36 12 53
33 6 71
7 27 2
25 30 37
34 16 32
18 39 44
50 42 74
14 37 92
26 16 4
14 46 77
41 20 69
40 47 8
18 32 65
29 41 78
44 6 36
1 34 18
45 17 96
16 37 67
21 19 48
46 19 46
19 21 85
11 19 85
30 21 25
7 31 62
39 29 8
36 8 73
50 36 78
12 18 89
32 36 90
9 20 5
15 17 52
4 35 29
19 37 63
49 28 76
25 2 6
50 6 8
5 48 10
17 45 40
15 38 66
3 7 83
43 27 79
39 5 96
44 28 96
33 40 57
7 2 26
33 25 58
8 29 92
29 3 11
22 38 67
14 35 48
2 39 71
21 49 86
6 3 80
44 3 31
29 23 0
11 42 63
40 16 38
45 21 56
35 10 92
31 16 63
18 20 30
12 2 48
28 27 4
13 12 31
15 24 40
33 2 29
36 41 26
25 20 17
42 44 58
42 37 1
31 21 1
21 15 58
41 39 87
4 38 60
20 10 14
19 40 26
11 1 79
46 43 86
39 3 84
24 6 81
36 31 38
45 26 84
36 44 17
40 17 44
5 40 85
28 24 63
4 25 83
49 41 17
11 43 73
48 39 41
47 35 52
10 24 37
29 8 33
50 15 13
15 12 27
28 19 44
15 44 54
28 26 87
37 45 83
7 44 47
24 32 71
39 41 97
37 36 97
18 38 39
34 12 20
32 13 43
12 29 26
9 44 43
50 40 13
18 29 69
23 39 56
28 3 16
33 46 32
45 37 4
39 23 76
49 18 33
13 38 26
24 41 49
44 10 76
45 27 10
44 25 19
46 23 89
5 29 68
26 2 40
25 14 47
29 32 98
49 22 8
19 46 49
16 9 60
6 39 25
10 41 11
17 47 87
6 10 9
42 16 93
30 38 50
14 32 35
28 34 94
30 10 17
14 23 71
4 6 88
5 36 21
6 46 37
33 1 15
9 48 54
41 26 21
47 18 81
20 25 52
25 33 92
38 13 81
4 2 15
10 35 36
41 31 54
3 16 27
41 7 37
43 39 12
7 48 85
36 21 48
4 17 98
13 45 71
1 27 93
9 42 61
15 5 2
36 43 92
24 29 21
40 32 77
41 14 90
8 7 34
18 19 96
43 3 59
26 49 85
31 45 75
19 35 65
3 36 36
45 3 28
14 3 1
23 12 91
6 16 23
36 15 16
37 4 84
49 2 1
12 27 99
48 1 9
25 36 35
26 17 40
41 10 63
29 19 87
4 40 17
7 36 52
16 35 56
1 50 27
5 39 60
6 13 57
45 24 55
