39	41	33	113
38	32	18	88
27	14	17	58
22	21	22	65
20	28	23	71
17	7	22	46
10	12	14	36
10	12	11	33
10	11	16	37
10	10	20	40
7	6	11	24
7	6	8	21
7	6	7	20
7	3	5	15
6	7	7	20
6	4	10	20
4	5	5	14
4	4	3	11
4	4	2	10
4	2	2	8
4	1	4	9
3	8	6	17
3	6	0	9
3	4	6	13
3	4	4	11
3	3	2	8
3	2	2	7
3	1	5	9
3	1	3	7
3	1	2	6
3	1	1	5
3	0	2	5
2	5	1	8
2	4	6	12
2	2	9	13
2	1	1	4
2	1	1	4
2	1	0	3
2	0	2	4
2	0	2	4
2	0	1	3
2	0	0	2
2	0	0	2
1	6	12	19
1	3	3	7
1	3	0	4
1	3	0	4
1	2	4	7
1	2	3	6
1	2	1	4
1	2	1	4
1	2	0	3
1	1	5	7
1	1	4	6
1	1	3	5
1	1	2	4
1	1	2	4
1	1	0	2
1	0	1	2
1	0	1	2
1	0	1	2
1	0	1	2
1	0	0	1
1	0	0	1
1	0	0	1
